0 0
0.00125 0
0.0025 0
0.00375 0
0.005 0
0.00625 0
0.0075 0
0.00875 0
0.01 0
0.01125 0
0.0125 0
0.01375 0
0.015 0
0.01625 0
0.0175 0
0.01875 0
0.02 0
0.02125 0
0.0225 0
0.02375 0
0.025 0
0.02625 0
0.0275 0
0.02875 0
0.03 0
0.03125 0
0.0325 0
0.03375 0
0.035 0
0.03625 0
0.0375 0
0.03875 0
0.04 0
0.04125 0
0.0425 0
0.04375 0
0.045 0
0.04625 0
0.0475 0
0.04875 0
0.05 0
0.05125 0
0.0525 0
0.05375 0
0.055 0
0.05625 0
0.0575 0
0.05875 0
0.06 0
0.06125 0
0.0625 0
0.06375 0
0.065 0
0.06625 0
0.0675 0
0.06875 0
0.07 0
0.07125 0
0.0725 0
0.07375 0
0.075 0
0.07625 0
0.0775 0
0.07875 0
0.08 0
0.08125 0
0.0825 0
0.08375 0
0.085 0
0.08625 0
0.0875 0
0.08875 0
0.09 0
0.09125 0
0.0925 0
0.09375 0
0.095000000000000000000000000000000000001 0
0.09625 0
0.0975 0
0.09875 0
0.1 0
0.10125 0
0.1025 0
0.10375 0
0.105 0
0.10625 0
0.1075 0
0.10875 0
0.11 0
0.11125 0
0.1125 0
0.11375 0
0.115 0
0.11625 0
0.1175 0
0.11875 0
0.12 0
0.12125 0
0.1225 0
0.12375 0
0.125 0
0.12625 0
0.1275 0
0.12875 0
0.13 0
0.13125 0
0.1325 0
0.13375 0
0.135 0
0.13625 0
0.1375 0
0.13875 0
0.14 0
0.14125 0
0.1425 0
0.14375 0
0.145 0
0.14625 0
0.1475 0
0.14875 0
0.15 0
0.15125 0
0.1525 0
0.15375 0
0.155 0
0.15625 0
0.1575 0
0.15875 0
0.16 0
0.16125 0
0.1625 0
0.16375 0
0.165 0
0.16625 0
0.1675 0
0.16875 0
0.17 0
0.17125 0
0.1725 0
0.17375 0
0.175 0
0.17625 0
0.1775 0
0.17875 0
0.18 0
0.18125 0
0.1825 0
0.18375 0
0.185 0
0.18625 0
0.1875 0
0.18875 0
0.19 0
0.19125 0
0.1925 0
0.19375 0
0.195 0
0.19625 0
0.1975 0
0.19875 0
0.2 0
0.20125 0
0.2025 0
0.20375 0
0.205 0
0.20625 0
0.2075 0
0.20875 0
0.21 0
0.21125 0
0.2125 0
0.21375 0
0.215 0
0.21625 0
0.2175 0
0.21875 0
0.22 0
0.22125 0
0.2225 0
0.22375 0
0.225 0
0.22625 0
0.2275 0
0.22875 0
0.23 0
0.23125 0
0.2325 0
0.23375 0
0.235 0
0.23625 0
0.2375 0
0.23875 0
0.24 0
0.24125 0
0.2425 0
0.24375 0
0.245 0
0.24625 0
0.2475 0
0.24875 0
0.25 0
0.25125 0
0.2525 0
0.25375 0
0.255 0
0.25625 0
0.2575 0
0.25875 0
0.26 0
0.26125 0
0.2625 0
0.26375 0
0.265 0
0.26625 0
0.2675 0
0.26875 0
0.27 0
0.27125 0
0.2725 0
0.27375 0
0.275 0
0.27625 0
0.2775 0
0.27875 0
0.28 0
0.28125 0
0.2825 0
0.28375 0
0.285 0
0.28625 0
0.2875 0
0.28875 0
0.29 0
0.29125 0
0.2925 0
0.29375 0
0.295 0
0.29625 0
0.2975 0
0.29875 0
0.3 0
0.30125 0
0.3025 0
0.30375 0
0.305 0
0.30625 0
0.3075 0
0.30875 0
0.31 0
0.31125 0
0.3125 0
0.31375 0
0.315 0
0.31625 0
0.3175 0
0.31875 0
0.32 0
0.32125 0
0.3225 0
0.32375 0
0.325 0
0.32625 0
0.3275 0
0.32875 0
0.33 0
0.33125 0
0.3325 0
0.33375 0
0.335 0
0.33625 0
0.3375 0
0.33875 0
0.34 0
0.34125 0
0.3425 0
0.34375 0
0.345 0
0.34625 0
0.3475 0
0.34875 0
0.35 0
0.35125 0
0.3525 0
0.35375 0
0.355 0
0.35625 0
0.3575 0
0.35875 0
0.36 0
0.36125 0
0.3625 0
0.36375 0
0.365 0
0.36625 0
0.3675 0
0.36875 0
0.37 0
0.37125 0
0.3725 0
0.37375 0
0.375 0
0.37625 0
0.3775 0
0.37875 0
0.37999999999999999999999999999999999999 0
0.38125 0
0.3825 0
0.38374999999999999999999999999999999999 0
0.385 0
0.38624999999999999999999999999999999999 0
0.3875 0
0.38875 0
0.38999999999999999999999999999999999999 0
0.39125 0
0.39249999999999999999999999999999999999 0
0.39374999999999999999999999999999999999 0
0.395 0
0.39624999999999999999999999999999999999 0
0.39749999999999999999999999999999999999 0
0.39874999999999999999999999999999999999 0
0.39999999999999999999999999999999999999 0
0.40124999999999999999999999999999999999 0
0.40249999999999999999999999999999999999 0
0.40374999999999999999999999999999999999 0
0.40499999999999999999999999999999999999 0
0.40624999999999999999999999999999999999 0
0.40749999999999999999999999999999999999 0
0.40874999999999999999999999999999999999 0
0.40999999999999999999999999999999999999 0
0.41124999999999999999999999999999999999 0
0.41249999999999999999999999999999999999 0
0.41374999999999999999999999999999999999 0
0.41499999999999999999999999999999999999 0
0.41624999999999999999999999999999999999 0
0.41749999999999999999999999999999999999 0
0.41874999999999999999999999999999999999 0
0.41999999999999999999999999999999999999 0
0.42124999999999999999999999999999999999 0
0.42249999999999999999999999999999999999 0
0.42374999999999999999999999999999999999 0
0.42499999999999999999999999999999999999 0
0.42624999999999999999999999999999999999 0
0.42749999999999999999999999999999999999 0
0.42874999999999999999999999999999999999 0
0.42999999999999999999999999999999999999 0
0.43124999999999999999999999999999999999 0
0.43249999999999999999999999999999999999 0
0.43374999999999999999999999999999999999 0
0.43499999999999999999999999999999999999 0
0.43624999999999999999999999999999999999 0
0.43749999999999999999999999999999999999 0
0.43874999999999999999999999999999999999 0
0.43999999999999999999999999999999999999 0
0.44124999999999999999999999999999999999 0
0.44249999999999999999999999999999999999 0
0.44374999999999999999999999999999999999 0
0.44499999999999999999999999999999999999 0
0.44624999999999999999999999999999999999 0
0.44749999999999999999999999999999999999 0
0.44874999999999999999999999999999999999 0
0.44999999999999999999999999999999999999 0
0.45124999999999999999999999999999999999 0
0.45249999999999999999999999999999999999 0
0.45374999999999999999999999999999999999 0
0.45499999999999999999999999999999999999 0
0.45624999999999999999999999999999999999 0
0.45749999999999999999999999999999999999 0
0.45874999999999999999999999999999999999 0
0.45999999999999999999999999999999999999 0
0.46124999999999999999999999999999999999 0
0.46249999999999999999999999999999999999 0
0.46374999999999999999999999999999999999 0
0.46499999999999999999999999999999999999 0
0.46624999999999999999999999999999999999 0
0.46749999999999999999999999999999999999 0
0.46874999999999999999999999999999999999 0
0.46999999999999999999999999999999999999 0
0.47124999999999999999999999999999999999 0
0.47249999999999999999999999999999999999 0
0.47374999999999999999999999999999999999 0
0.47499999999999999999999999999999999999 0
0.47624999999999999999999999999999999999 0
0.47749999999999999999999999999999999999 0
0.47874999999999999999999999999999999999 0
0.47999999999999999999999999999999999999 0
0.48124999999999999999999999999999999999 0
0.48249999999999999999999999999999999999 0
0.48374999999999999999999999999999999999 0
0.48499999999999999999999999999999999999 0
0.48624999999999999999999999999999999999 0
0.48749999999999999999999999999999999999 0
0.48874999999999999999999999999999999999 0
0.48999999999999999999999999999999999999 0
0.49124999999999999999999999999999999999 0
0.49249999999999999999999999999999999999 0
0.49374999999999999999999999999999999999 0
0.49499999999999999999999999999999999999 0
0.49624999999999999999999999999999999999 0
0.49749999999999999999999999999999999999 0
0.49874999999999999999999999999999999999 0
0.49999999999999999999999999999999999999 0
0.50124999999999999999999999999999999999 0
0.50249999999999999999999999999999999999 0
0.50374999999999999999999999999999999999 0
0.50499999999999999999999999999999999999 0
0.50624999999999999999999999999999999999 0
0.50749999999999999999999999999999999999 0
0.50874999999999999999999999999999999999 0
0.50999999999999999999999999999999999999 0
0.51124999999999999999999999999999999999 0
0.51249999999999999999999999999999999999 0
0.51374999999999999999999999999999999999 0
0.51499999999999999999999999999999999999 0
0.51624999999999999999999999999999999999 0
0.51749999999999999999999999999999999999 0
0.51874999999999999999999999999999999999 0
0.51999999999999999999999999999999999999 0
0.52124999999999999999999999999999999999 0
0.52249999999999999999999999999999999999 0
0.52374999999999999999999999999999999999 0
0.52499999999999999999999999999999999999 0
0.52624999999999999999999999999999999999 0
0.52749999999999999999999999999999999999 0
0.52874999999999999999999999999999999999 0
0.52999999999999999999999999999999999999 0
0.53124999999999999999999999999999999999 0
0.53249999999999999999999999999999999999 0
0.53374999999999999999999999999999999999 0
0.53499999999999999999999999999999999999 0
0.53624999999999999999999999999999999999 0
0.53749999999999999999999999999999999999 0
0.53874999999999999999999999999999999999 0
0.53999999999999999999999999999999999999 0
0.54124999999999999999999999999999999999 0
0.54249999999999999999999999999999999999 0
0.54374999999999999999999999999999999999 0
0.54499999999999999999999999999999999999 0
0.54624999999999999999999999999999999999 0
0.54749999999999999999999999999999999999 0
0.54874999999999999999999999999999999999 0
0.54999999999999999999999999999999999999 0
0.55124999999999999999999999999999999999 0
0.55249999999999999999999999999999999999 0
0.55374999999999999999999999999999999999 0
0.55499999999999999999999999999999999999 0
0.55624999999999999999999999999999999999 0
0.55749999999999999999999999999999999999 0
0.55874999999999999999999999999999999999 0
0.55999999999999999999999999999999999999 0
0.56124999999999999999999999999999999999 0
0.56249999999999999999999999999999999999 0
0.56374999999999999999999999999999999999 0
0.56499999999999999999999999999999999999 0
0.56624999999999999999999999999999999999 0
0.56749999999999999999999999999999999999 0
0.56874999999999999999999999999999999999 0
0.56999999999999999999999999999999999999 0
0.57124999999999999999999999999999999999 0
0.57249999999999999999999999999999999999 0
0.57374999999999999999999999999999999999 0
0.57499999999999999999999999999999999999 0
0.57624999999999999999999999999999999999 0
0.57749999999999999999999999999999999999 0
0.57874999999999999999999999999999999999 0
0.57999999999999999999999999999999999999 0
0.58124999999999999999999999999999999999 0
0.58249999999999999999999999999999999999 0
0.58374999999999999999999999999999999999 0
0.58499999999999999999999999999999999999 0
0.58624999999999999999999999999999999999 0
0.58749999999999999999999999999999999999 0
0.58874999999999999999999999999999999999 0
0.58999999999999999999999999999999999999 0
0.59124999999999999999999999999999999999 0
0.59249999999999999999999999999999999999 0
0.59374999999999999999999999999999999999 0
0.59499999999999999999999999999999999999 0
0.59624999999999999999999999999999999999 0
0.59749999999999999999999999999999999999 0
0.59874999999999999999999999999999999999 0
0.59999999999999999999999999999999999999 0
0.60124999999999999999999999999999999999 0
0.60249999999999999999999999999999999999 0
0.60374999999999999999999999999999999999 0
0.60499999999999999999999999999999999999 0
0.60624999999999999999999999999999999998 0
0.60749999999999999999999999999999999999 0
0.60874999999999999999999999999999999999 0
0.60999999999999999999999999999999999998 0
0.61124999999999999999999999999999999999 0
0.61249999999999999999999999999999999999 0
0.61374999999999999999999999999999999998 0
0.61499999999999999999999999999999999999 0
0.61624999999999999999999999999999999999 0
0.61749999999999999999999999999999999999 0
0.61874999999999999999999999999999999999 0
0.61999999999999999999999999999999999999 0
0.62124999999999999999999999999999999999 0
0.62249999999999999999999999999999999998 0
0.62374999999999999999999999999999999999 0
0.62499999999999999999999999999999999999 0
0.62624999999999999999999999999999999998 0
0.62749999999999999999999999999999999999 0
0.62874999999999999999999999999999999999 0
0.62999999999999999999999999999999999998 0
0.63124999999999999999999999999999999998 0
0.63249999999999999999999999999999999999 0
0.63374999999999999999999999999999999998 0
0.63499999999999999999999999999999999998 0
0.63624999999999999999999999999999999999 0
0.63749999999999999999999999999999999998 0
0.63874999999999999999999999999999999998 0
0.63999999999999999999999999999999999999 0
0.64124999999999999999999999999999999998 0
0.64249999999999999999999999999999999998 0
0.64374999999999999999999999999999999999 0
0.64499999999999999999999999999999999998 0
0.64624999999999999999999999999999999998 0
0.64749999999999999999999999999999999998 0
0.64874999999999999999999999999999999999 0
0.64999999999999999999999999999999999998 0
0.65124999999999999999999999999999999998 0
0.65249999999999999999999999999999999999 0
0.65374999999999999999999999999999999998 0
0.65499999999999999999999999999999999998 0
0.65624999999999999999999999999999999998 0
0.65749999999999999999999999999999999998 0
0.65874999999999999999999999999999999998 0
0.65999999999999999999999999999999999998 0
0.66124999999999999999999999999999999998 0
0.66249999999999999999999999999999999998 0
0.66374999999999999999999999999999999998 0
0.66499999999999999999999999999999999998 0
0.66624999999999999999999999999999999998 0
0.66749999999999999999999999999999999998 0
0.66874999999999999999999999999999999998 0
0.66999999999999999999999999999999999998 0
0.67124999999999999999999999999999999998 0
0.67249999999999999999999999999999999998 0
0.67374999999999999999999999999999999998 0
0.67499999999999999999999999999999999998 0
0.67624999999999999999999999999999999998 0
0.67749999999999999999999999999999999998 0
0.67874999999999999999999999999999999998 0
0.67999999999999999999999999999999999998 0
0.68124999999999999999999999999999999998 0
0.68249999999999999999999999999999999998 0
0.68374999999999999999999999999999999998 0
0.68499999999999999999999999999999999998 0
0.68624999999999999999999999999999999998 0
0.68749999999999999999999999999999999998 0
0.68874999999999999999999999999999999998 0
0.68999999999999999999999999999999999998 0
0.69124999999999999999999999999999999998 0
0.69249999999999999999999999999999999998 0
0.69374999999999999999999999999999999998 0
0.69499999999999999999999999999999999998 0
0.69624999999999999999999999999999999998 0
0.69749999999999999999999999999999999998 0
0.69874999999999999999999999999999999998 0
0.69999999999999999999999999999999999998 0
0.70124999999999999999999999999999999998 0
0.70249999999999999999999999999999999998 0
0.70374999999999999999999999999999999998 0
0.70499999999999999999999999999999999998 0
0.70624999999999999999999999999999999998 0
0.70749999999999999999999999999999999998 0
0.70874999999999999999999999999999999998 0
0.70999999999999999999999999999999999998 0
0.71124999999999999999999999999999999998 0
0.71249999999999999999999999999999999998 0
0.71374999999999999999999999999999999998 0
0.71499999999999999999999999999999999998 0
0.71624999999999999999999999999999999998 0
0.71749999999999999999999999999999999998 0
0.71874999999999999999999999999999999998 0
0.71999999999999999999999999999999999998 0
0.72124999999999999999999999999999999998 0
0.72249999999999999999999999999999999998 0
0.72374999999999999999999999999999999998 0
0.72499999999999999999999999999999999998 0
0.72624999999999999999999999999999999998 0
0.72749999999999999999999999999999999998 0
0.72874999999999999999999999999999999998 0
0.72999999999999999999999999999999999998 0
0.73124999999999999999999999999999999998 0
0.73249999999999999999999999999999999998 0
0.73374999999999999999999999999999999998 0
0.73499999999999999999999999999999999998 0
0.73624999999999999999999999999999999998 0
0.73749999999999999999999999999999999998 0
0.73874999999999999999999999999999999998 0
0.73999999999999999999999999999999999998 0
0.74124999999999999999999999999999999998 0
0.74249999999999999999999999999999999998 0
0.74374999999999999999999999999999999998 0
0.74499999999999999999999999999999999998 0
0.74624999999999999999999999999999999998 0
0.74749999999999999999999999999999999998 0
0.74874999999999999999999999999999999998 0
0.74999999999999999999999999999999999998 0
0.75124999999999999999999999999999999998 0
0.75249999999999999999999999999999999998 0
0.75374999999999999999999999999999999998 0
0.75499999999999999999999999999999999998 0
0.75624999999999999999999999999999999998 0
0.75749999999999999999999999999999999998 0
0.75874999999999999999999999999999999998 0
0.75999999999999999999999999999999999998 0
0.76124999999999999999999999999999999998 0
0.76249999999999999999999999999999999998 0
0.76374999999999999999999999999999999998 0
0.76499999999999999999999999999999999998 0
0.76624999999999999999999999999999999998 0
0.76749999999999999999999999999999999998 0
0.76874999999999999999999999999999999998 0
0.76999999999999999999999999999999999998 0
0.77124999999999999999999999999999999998 0
0.77249999999999999999999999999999999998 0
0.77374999999999999999999999999999999998 0
0.77499999999999999999999999999999999998 0
0.77624999999999999999999999999999999998 0
0.77749999999999999999999999999999999998 0
0.77874999999999999999999999999999999998 0
0.77999999999999999999999999999999999998 0
0.78124999999999999999999999999999999998 0
0.78249999999999999999999999999999999998 0
0.78374999999999999999999999999999999998 0
0.78499999999999999999999999999999999998 0
0.78624999999999999999999999999999999998 0
0.78749999999999999999999999999999999998 0
0.78874999999999999999999999999999999998 0
0.78999999999999999999999999999999999998 0
0.79124999999999999999999999999999999998 0
0.79249999999999999999999999999999999998 0
0.79374999999999999999999999999999999998 0
0.79499999999999999999999999999999999998 0
0.79624999999999999999999999999999999998 0
0.79749999999999999999999999999999999998 0
0.79874999999999999999999999999999999998 0
0.79999999999999999999999999999999999998 0
0.80124999999999999999999999999999999998 0
0.80249999999999999999999999999999999998 0
0.80374999999999999999999999999999999998 0
0.80499999999999999999999999999999999998 0
0.80624999999999999999999999999999999998 0
0.80749999999999999999999999999999999998 0
0.80874999999999999999999999999999999998 0
0.80999999999999999999999999999999999998 0
0.81124999999999999999999999999999999998 0
0.81249999999999999999999999999999999998 0
0.81374999999999999999999999999999999998 0
0.81499999999999999999999999999999999998 0
0.81624999999999999999999999999999999998 0
0.81749999999999999999999999999999999998 0
0.81874999999999999999999999999999999998 0
0.81999999999999999999999999999999999998 0
0.82124999999999999999999999999999999998 0
0.82249999999999999999999999999999999997 0
0.82374999999999999999999999999999999998 0
0.82499999999999999999999999999999999998 0
0.82624999999999999999999999999999999997 0
0.82749999999999999999999999999999999998 0
0.82874999999999999999999999999999999998 0
0.82999999999999999999999999999999999998 0
0.83124999999999999999999999999999999997 0
0.83249999999999999999999999999999999998 0
0.83374999999999999999999999999999999998 0
0.83499999999999999999999999999999999997 0
0.83624999999999999999999999999999999998 0
0.83749999999999999999999999999999999998 0
0.83874999999999999999999999999999999997 0
0.83999999999999999999999999999999999998 0
0.84124999999999999999999999999999999998 0
0.84249999999999999999999999999999999997 0
0.84374999999999999999999999999999999998 0
0.84499999999999999999999999999999999998 0
0.84624999999999999999999999999999999997 0
0.84749999999999999999999999999999999997 0
0.84874999999999999999999999999999999998 0
0.84999999999999999999999999999999999997 0
0.85124999999999999999999999999999999997 0
0.85249999999999999999999999999999999998 0
0.85374999999999999999999999999999999997 0
0.85499999999999999999999999999999999997 0
0.85624999999999999999999999999999999997 0
0.85749999999999999999999999999999999997 0
0.85874999999999999999999999999999999997 0
0.85999999999999999999999999999999999997 0
0.86124999999999999999999999999999999998 0
0.86249999999999999999999999999999999997 0
0.86374999999999999999999999999999999997 0
0.86499999999999999999999999999999999998 0
0.86624999999999999999999999999999999997 0
0.86749999999999999999999999999999999997 0
0.86874999999999999999999999999999999998 0
0.86999999999999999999999999999999999997 0
0.87124999999999999999999999999999999997 0
0.87249999999999999999999999999999999997 0
0.87374999999999999999999999999999999997 0
0.87499999999999999999999999999999999997 0
0.87624999999999999999999999999999999997 0
0.87749999999999999999999999999999999997 0
0.87874999999999999999999999999999999997 0
0.87999999999999999999999999999999999997 0
0.88124999999999999999999999999999999997 0
0.88249999999999999999999999999999999997 0
0.88374999999999999999999999999999999997 0
0.88499999999999999999999999999999999997 0
0.88624999999999999999999999999999999997 0
0.88749999999999999999999999999999999997 0
0.88874999999999999999999999999999999997 0
0.88999999999999999999999999999999999997 0
0.89124999999999999999999999999999999997 0
0.89249999999999999999999999999999999997 0
0.89374999999999999999999999999999999997 0
0.89499999999999999999999999999999999997 0
0.89624999999999999999999999999999999997 0
0.89749999999999999999999999999999999997 0
0.89874999999999999999999999999999999997 0
0.89999999999999999999999999999999999997 0
0.90124999999999999999999999999999999997 0
0.90249999999999999999999999999999999997 0
0.90374999999999999999999999999999999997 0
0.90499999999999999999999999999999999997 0
0.90624999999999999999999999999999999997 0
0.90749999999999999999999999999999999997 0
0.90874999999999999999999999999999999997 0
0.90999999999999999999999999999999999997 0
0.91124999999999999999999999999999999997 0
0.91249999999999999999999999999999999997 0
0.91374999999999999999999999999999999997 0
0.91499999999999999999999999999999999997 0
0.91624999999999999999999999999999999997 0
0.91749999999999999999999999999999999997 0
0.91874999999999999999999999999999999997 0
0.91999999999999999999999999999999999997 0
0.92124999999999999999999999999999999997 0
0.92249999999999999999999999999999999997 0
0.92374999999999999999999999999999999997 0
0.92499999999999999999999999999999999997 0
0.92624999999999999999999999999999999997 0
0.92749999999999999999999999999999999997 0
0.92874999999999999999999999999999999997 0
0.92999999999999999999999999999999999997 0
0.93124999999999999999999999999999999997 0
0.93249999999999999999999999999999999997 0
0.93374999999999999999999999999999999997 0
0.93499999999999999999999999999999999997 0
0.93624999999999999999999999999999999997 0
0.93749999999999999999999999999999999997 0
0.93874999999999999999999999999999999997 0
0.93999999999999999999999999999999999997 0
0.94124999999999999999999999999999999997 0
0.94249999999999999999999999999999999997 0
0.94374999999999999999999999999999999997 0
0.94499999999999999999999999999999999997 0
0.94624999999999999999999999999999999997 0
0.94749999999999999999999999999999999997 0
0.94874999999999999999999999999999999997 0
0.94999999999999999999999999999999999997 0
0.95124999999999999999999999999999999997 0
0.95249999999999999999999999999999999997 0
0.95374999999999999999999999999999999997 0
0.95499999999999999999999999999999999997 0
0.95624999999999999999999999999999999997 0
0.95749999999999999999999999999999999997 0
0.95874999999999999999999999999999999997 0
0.95999999999999999999999999999999999997 0
0.96124999999999999999999999999999999997 0
0.96249999999999999999999999999999999997 0
0.96374999999999999999999999999999999997 0
0.96499999999999999999999999999999999997 0
0.96624999999999999999999999999999999997 0
0.96749999999999999999999999999999999997 0
0.96874999999999999999999999999999999997 0
0.96999999999999999999999999999999999997 0
0.97124999999999999999999999999999999997 0
0.97249999999999999999999999999999999997 0
0.97374999999999999999999999999999999997 0
0.97499999999999999999999999999999999997 0
0.97624999999999999999999999999999999997 0
0.97749999999999999999999999999999999997 0
0.97874999999999999999999999999999999997 0
0.97999999999999999999999999999999999997 0
0.98124999999999999999999999999999999997 0
0.98249999999999999999999999999999999997 0
0.98374999999999999999999999999999999997 0
0.98499999999999999999999999999999999997 0
0.98624999999999999999999999999999999997 0
0.98749999999999999999999999999999999997 0
0.98874999999999999999999999999999999997 0
0.98999999999999999999999999999999999997 0
0.99124999999999999999999999999999999997 0
0.99249999999999999999999999999999999997 0
0.99374999999999999999999999999999999997 0
0.99499999999999999999999999999999999997 0
0.99624999999999999999999999999999999997 0
0.99749999999999999999999999999999999997 0
0.99874999999999999999999999999999999997 0
0.99999999999999999999999999999999999997 0
